22222222222222222222222222222222
20000000000000000000000000000022
20000000000000000000000000000022
20000000000000000000000000000022
20001111111110000011111111100022
20000000000000000000000000000022
20000000000000000000000000000022
20000000000000000000000000000022
20000000000000000000000000000022
20001111111111111111111111100022
20000000000000000000000000000022
20000000000000000000000000000022
20000000000000000000000000000022
20000000000000000000000000000022
20001111111110000011111111100022
20000000000000000000000000000022
20000000000000000000000000000022
20000000000000000000000000000022
22222222222222222222222222222222